E 0 0 0 25 -100 0
E 0 0 1 25 -100 0
E 0 0 2 25 -100 0
E 0 0 3 25 -100 0
E 0 1 0 25 -100 0
E 0 1 1 25 -100 0
E 0 1 2 25 -100 0
E 0 1 3 25 -100 100
E 0 2 0 25 -100 0
E 0 2 1 25 -100 0
E 0 2 2 25 -100 0
E 0 2 3 25 50 100
E 0 3 0 25 -100 0
E 0 3 1 25 -100 0
E 0 3 2 25 -100 0
E 0 3 3 25 50 0
E 0 4 0 25 -50 0
E 0 4 1 25 -50 0
E 0 4 2 25 -50 0
E 0 4 3 25 100 0
E 0 5 0 25 -50 100
E 0 5 1 25 -50 0
E 0 5 2 25 -50 0
E 0 5 3 25 100 0
E 0 6 0 25 100 100
E 0 6 1 25 -50 0
E 0 6 2 25 -50 0
E 0 6 3 25 100 0
E 0 7 0 25 100 0
E 0 7 1 25 -50 0
E 0 7 2 25 -50 0
E 0 7 3 25 100 0
E 0 8 0 -25 100 0
E 0 8 1 -25 -50 0
E 0 8 2 -25 -50 0
E 0 8 3 -25 100 0
E 0 9 0 -25 100 0
E 0 9 1 -25 -50 100
E 0 9 2 -25 -50 0
E 0 9 3 -25 100 0
E 0 10 0 -25 100 0
E 0 10 1 -25 100 100
E 0 10 2 -25 -50 0
E 0 10 3 -25 100 0
E 0 11 0 -25 100 0
E 0 11 1 -25 100 0
E 0 11 2 -25 -50 0
E 0 11 3 -25 100 0
E 0 12 0 -25 50 0
E 0 12 1 -25 50 0
E 0 12 2 -25 -100 0
E 0 12 3 -25 50 0
E 0 13 0 -25 50 0
E 0 13 1 -25 50 0
E 0 13 2 -25 -100 100
E 0 13 3 -25 50 0
E 0 14 0 -25 50 0
E 0 14 1 -25 50 0
E 0 14 2 -25 50 100
E 0 14 3 -25 50 0
E 0 15 0 -25 50 0
E 0 15 1 -25 50 0
E 0 15 2 -25 50 0
E 0 15 3 -25 50 0