L 1 25 -100 0
L 2 25 -100 0
L 3 25 -100 0
L 4 25 -100 0
S 0 0

L 1 25 -100 0
L 2 25 -100 0
L 3 25 -100 0
L 4 25 -100 100
S 0 1

L 1 25 -100 0
L 2 25 -100 0
L 3 25 -100 0
L 4 25 50 100
S 0 2

L 1 25 -100 0
L 2 25 -100 0
L 3 25 -100 0
L 4 25 50 0
S 0 3

L 1 25 -50 0
L 2 25 -50 0
L 3 25 -50 0
L 4 25 100 0
S 0 4

L 1 25 -50 100
L 2 25 -50 0
L 3 25 -50 0
L 4 25 100 0
S 0 5

L 1 25 100 100
L 2 25 -50 0
L 3 25 -50 0
L 4 25 100 0
S 0 6

L 1 25 100 0
L 2 25 -50 0
L 3 25 -50 0
L 4 25 100 0
S 0 7

L 1 -25 100 0
L 2 -25 -50 0
L 3 -25 -50 0
L 4 -25 100 0
S 0 8

L 1 -25 100 0
L 2 -25 -50 100
L 3 -25 -50 0
L 4 -25 100 0
S 0 9

L 1 -25 100 0
L 2 -25 100 100
L 3 -25 -50 0
L 4 -25 100 0
S 0 10

L 1 -25 100 0
L 2 -25 100 0
L 3 -25 -50 0
L 4 -25 100 0
S 0 11

L 1 -25 50 0
L 2 -25 50 0
L 3 -25 -100 0
L 4 -25 50 0
S 0 12

L 1 -25 50 0
L 2 -25 50 0
L 3 -25 -100 100
L 4 -25 50 0
S 0 13

L 1 -25 50 0
L 2 -25 50 0
L 3 -25 50 100
L 4 -25 50 0
S 0 14

L 1 -25 50 0
L 2 -25 50 0
L 3 -25 50 0
L 4 -25 50 0
S 0 15